1341236980 1
1341236981 2
1341236981 3
1341236982 4
1341236983 5
1341236984 6
1341236985 7
1341236985 8
1341236986 9
1341236987 10
1341236988 11
1341236989 12
1341236990 13
1341236990 14
1341236991 15
1341236992 16
1341236993 17
1341236994 18
1341236994 19
1341236995 20
1341236996 21
1341236997 22
1341236998 23
1341236999 24
1341236999 25
1341237000 26
1341237001 27
1341237002 28
1341237003 29
1341237004 30
1341237005 31
1341237005 32
1341237006 33
1341237007 34
1341237008 35
1341237009 36
1341237010 37
1341237011 38
1341237012 39
1341237012 40
1341237013 41
1341237014 42
1341237015 43
1341237016 44
1341237017 45
1341237018 46
1341237019 47
1341237020 48
1341237020 49
1341237021 50
1341237022 51
1341237023 52
1341237024 53
1341237025 54
1341237026 55
1341237027 56
1341237028 57
1341237029 58
1341237030 59
1341237030 60
1341237031 61
1341237032 62
1341237033 63
1341237034 64
1341237035 65
1341237036 66
1341237037 67
1341237038 68
1341237039 69
1341237040 70
1341237041 71
1341237042 72
1341237043 73
1341237044 74
1341237045 75
1341237045 76
1341237046 77
1341237047 78
1341237048 79
1341237049 80
1341237050 81
1341237051 82
1341237052 83
1341237053 84
1341237054 85
1341237055 86
1341237056 87
1341237057 88
1341237058 89
1341237059 90
1341237060 91
1341237061 92
1341237062 93
1341237063 94
1341237064 95
1341237065 96
1341237066 97
1341237067 98
1341237068 99
1341237069 100
1341237070 101
1341237071 102
1341237072 103
1341237073 104
1341237074 105
1341237075 106
1341237076 107
1341237077 108
1341237078 109
1341237079 110
1341237080 111
1341237081 112
1341237082 113
1341237083 114
1341237084 115
1341237085 116
1341237086 117
1341237087 118
1341237089 119
1341237090 120
1341237091 121
1341237092 122
1341237093 123
1341237094 124
1341237095 125
1341237096 126
1341237097 127
1341237098 128
1341237099 129
1341237100 130
1341237101 131
1341237102 132
1341237103 133
1341237104 134
1341237106 135
1341237107 136
1341237108 137
1341237109 138
1341237110 139
1341237111 140
1341237112 141
1341237113 142
1341237114 143
1341237115 144
1341237116 145
1341237118 146
1341237119 147
1341237120 148
1341237121 149
1341237122 150
1341237123 151
1341237124 152
1341237125 153
1341237126 154
1341237127 155
1341237129 156
1341237130 157
1341237131 158
1341237132 159
1341237133 160
1341237134 161
1341237135 162
1341237136 163
1341237138 164
1341237139 165
1341237140 166
1341237141 167
1341237142 168
1341237143 169
1341237144 170
1341237146 171
1341237147 172
1341237148 173
1341237149 174
1341237150 175
1341237152 176
1341237153 177
1341237154 178
1341237155 179
1341237156 180
1341237157 181
1341237159 182
1341237160 183
1341237161 184
1341237162 185
1341237163 186
1341237164 187
1341237166 188
1341237167 189
1341237168 190
1341237169 191
1341237171 192
1341237172 193
1341237173 194
1341237174 195
1341237175 196
1341237177 197
1341237178 198
1341237179 199
1341237180 200
1341237181 201
1341237183 202
1341237184 203
1341237185 204
1341237186 205
1341237187 206
1341237189 207
1341237190 208
1341237191 209
1341237192 210
1341237194 211
1341237195 212
1341237196 213
1341237197 214
1341237198 215
1341237200 216
1341237201 217
1341237202 218
1341237204 219
1341237205 220
1341237206 221
1341237208 222
1341237209 223
1341237210 224
1341237211 225
1341237213 226
1341237214 227
1341237215 228
1341237217 229
1341237218 230
1341237219 231
1341237221 232
1341237222 233
1341237223 234
1341237225 235
1341237226 236
1341237227 237
1341237228 238
1341237230 239
1341237231 240
1341237232 241
1341237234 242
1341237235 243
1341237236 244
1341237238 245
1341237239 246
1341237241 247
1341237242 248
1341237243 249
1341237245 250
1341237246 251
1341237248 252
1341237249 253
1341237250 254
1341237252 255
1341237253 256
1341237254 257
1341237256 258
1341237257 259
1341237259 260
1341237260 261
1341237261 262
1341237263 263
1341237264 264
1341237265 265
1341237267 266
1341237268 267
1341237269 268
1341237271 269
1341237272 270
1341237274 271
1341237275 272
1341237276 273
1341237278 274
1341237279 275
1341237281 276
1341237282 277
1341237283 278
1341237285 279
1341237286 280
1341237288 281
1341237289 282
1341237290 283
1341237292 284
1341237293 285
1341237294 286
1341237296 287
1341237297 288
1341237299 289
1341237300 290
1341237302 291
1341237303 292
1341237304 293
1341237306 294
1341237307 295
1341237309 296
1341237310 297
1341237312 298
1341237313 299
1341237315 300
1341237316 301
1341237318 302
1341237320 303
1341237321 304
1341237323 305
1341237324 306
1341237326 307
1341237327 308
1341237329 309
1341237330 310
1341237332 311
1341237333 312
1341237335 313
1341237336 314
1341237338 315
1341237339 316
1341237341 317
1341237342 318
1341237344 319
1341237345 320
1341237347 321
1341237348 322
1341237350 323
1341237351 324
1341237353 325
1341237354 326
1341237356 327
1341237357 328
1341237359 329
1341237360 330
1341237362 331
1341237363 332
1341237365 333
1341237366 334
1341237368 335
1341237369 336
1341237371 337
1341237372 338
1341237374 339
1341237376 340
1341237377 341
1341237379 342
1341237380 343
1341237382 344
1341237384 345
1341237385 346
1341237387 347
1341237388 348
1341237390 349
1341237391 350
1341237393 351
1341237394 352
1341237396 353
1341237398 354
1341237399 355
1341237401 356
1341237402 357
1341237404 358
1341237406 359
1341237407 360
1341237409 361
1341237410 362
1341237412 363
1341237414 364
1341237415 365
1341237417 366
1341237418 367
1341237420 368
1341237422 369
1341237423 370
1341237425 371
1341237427 372
1341237428 373
1341237430 374
1341237431 375
1341237433 376
1341237435 377
1341237437 378
1341237438 379
1341237440 380
1341237442 381
1341237443 382
1341237445 383
1341237447 384
1341237448 385
1341237450 386
1341237452 387
1341237453 388
1341237455 389
1341237457 390
1341237458 391
1341237460 392
1341237462 393
1341237464 394
1341237465 395
1341237467 396
1341237469 397
1341237470 398
1341237472 399
1341237474 400
1341237476 401
1341237477 402
1341237479 403
1341237481 404
1341237483 405
1341237484 406
1341237486 407
1341237488 408
1341237490 409
1341237491 410
1341237493 411
1341237495 412
1341237496 413
1341237498 414
1341237500 415
1341237502 416
1341237503 417
1341237505 418
1341237507 419
1341237509 420
1341237510 421
1341237512 422
1341237514 423
1341237516 424
1341237518 425
1341237519 426
1341237521 427
1341237523 428
1341237525 429
1341237526 430
1341237528 431
1341237530 432
1341237532 433
1341237534 434
1341237536 435
1341237537 436
1341237539 437
1341237541 438
1341237543 439
1341237545 440
1341237546 441
1341237548 442
1341237550 443
1341237552 444
1341237554 445
1341237556 446
1341237558 447
1341237560 448
1341237562 449
1341237564 450
1341237565 451
1341237567 452
1341237569 453
1341237571 454
1341237573 455
1341237575 456
1341237577 457
1341237579 458
1341237581 459
1341237583 460
1341237585 461
1341237587 462
1341237589 463
1341237591 464
1341237592 465
1341237594 466
1341237596 467
1341237598 468
1341237600 469
1341237602 470
1341237604 471
1341237607 472
1341237608 473
1341237610 474
1341237612 475
1341237614 476
1341237616 477
1341237618 478
1341237620 479
1341237622 480
1341237624 481
1341237626 482
1341237628 483
1341237630 484
1341237632 485
1341237634 486
1341237636 487
1341237638 488
1341237640 489
1341237642 490
1341237644 491
1341237646 492
1341237648 493
1341237650 494
1341237653 495
1341237655 496
1341237657 497
1341237659 498
1341237661 499
1341237663 500
1341237665 501
1341237667 502
1341237669 503
1341237671 504
1341237673 505
1341237675 506
1341237677 507
1341237679 508
1341237682 509
1341237683 510
1341237685 511
1341237688 512
1341237690 513
1341237692 514
1341237694 515
1341237696 516
1341237698 517
1341237700 518
1341237702 519
1341237704 520
1341237706 521
1341237709 522
1341237711 523
1341237713 524
1341237715 525
1341237717 526
1341237719 527
1341237721 528
1341237724 529
1341237726 530
1341237728 531
1341237730 532
1341237732 533
1341237734 534
1341237736 535
1341237738 536
1341237741 537
1341237743 538
1341237745 539
1341237747 540
1341237749 541
1341237751 542
1341237753 543
1341237756 544
1341237758 545
1341237760 546
1341237762 547
1341237764 548
1341237766 549
1341237768 550
1341237770 551
1341237773 552
1341237775 553
1341237777 554
1341237779 555
1341237781 556
1341237783 557
1341237785 558
1341237787 559
1341237790 560
1341237792 561
1341237794 562
1341237797 563
1341237799 564
1341237801 565
1341237803 566
1341237805 567
1341237807 568
1341237809 569
1341237812 570
1341237814 571
1341237816 572
1341237818 573
1341237820 574
1341237823 575
1341237825 576
1341237827 577
1341237829 578
1341237831 579
1341237834 580
1341237836 581
1341237838 582
1341237841 583
1341237843 584
1341237845 585
1341237848 586
1341237850 587
1341237852 588
1341237854 589
1341237857 590
1341237859 591
1341237861 592
1341237864 593
1341237866 594
1341237868 595
1341237871 596
1341237873 597
1341237875 598
1341237878 599
